000000000000000000000000000000000000000000000000000000000000000
022222                                                       20
022222                                                       20
022222                                                       20
022222                                                      220
022222                                                      220
333333311111111111111111111111111111111111111111111111111111333
2222                                                        222
333333311111111111111111111111111111111111111111111111111111333
022222                                                       20
022222                                                       20
022222                                                       20
022222                                                       20
022222                                                       20
000000000000000000000000000000000000000000000000000000000000000