000000000000000000000000000000000000000000000000000000000000000
0                                                            20
0                                                            20
0                                                            20
0                                                           220
0                                                           220
011111111111111111111111111111111111111111111111111111111111333
0                                                           222
011111111111111111111111111111111111111111111111111111111111333
0                                                            20
0                                                            20
0                                                            20
0                                                            20
0                                                            20
000000000000000000000000000000000000000000000000000000000000000